38324.4
38926.6
38937.5
38124.8
38134.5
37530.6
38577.4
42324.4
36898.6
39536.1
37100.5
42680
37073
37957.6
36647.4
37078.9
36745.7
36181.1
36210.7
36393.7
36676.2
36073
43425.4
40928.9
35732
35614.9
33971.3
33804.5
32700.1
30987.8
28918.3
37879.6
38242.7
37388.6
37464.7
37623.6
38304
37347.1
37789.1
36888.4
41640.1
40920
36674
42733.7
36511
41540.4
38220.6
37424.3
36721
41227.2
35630.1
35964.3
36482.1
35529.8
37225.6
34546.6
34888.4
37144.5
34065.3
28692.6
26148.2
37674.6
37862.1
37495.7
37433.4
37666.6
38205.5
37284.5
40619.3
38995.2
37159.7
36532.6
37207.8
42760.7
36184
39959.7
36525.1
37250.8
36124
38017.3
36443.8
37395.7
42070.9
41568.8
35800.4
34458.3
34355
30852.4
32976.3
24864.8
44009.5
38944
38219.1
37448
37456
37408.3
38237.3
37037.5
38364.7
43984.2
36913.3
36350
41356.2
36152.2
36866
36198.7
37502.2
36661.6
37320.5
41245.8
36003.6
35081.4
36832
34403.2
34492.2
33980.3
29267.4
25774.1
38037.8
37380.8
36838.8
37177.9
38791.9
40041.5
37123.5
36877.6
40615.8
36252.6
36377.3
37080.7
36058.3
36415.7
36133.3
36413.4
37871
42259.4
39353.3
36201
35212
39660.8
34753.3
36496.2
30771.1
29386.7
24971.3
43684
41052.5
41917.1
36633.4
36533.5
36331.9
37125.7
42426.1
36866.9
36380.8
37511.4
36418.2
37360.4
36938.5
37062.3
36547.2
35950.4
35920.8
36545.5
34640.3
38988.4
34153.6
33221.3
31716.9
33217.5
26099.2
42081.7
38441.9
36980.6
36211.3
36384.4
36936.4
38899.9
37080.1
36734.3
38126.8
37077.7
42418
39980.3
38221.2
36156.8
35901.2
35700.3
35674.6
34640.5
35667.9
35156.2
33401.5
33663.8
29947.9
27893.8
42147.5
36380.6
36535
36695.5
39248.4
36743.5
42441.8
36992.7
36777.1
38724.3
37292.8
38397.1
36451.7
35891.4
35421.9
36006.5
35901.6
35319.6
35159.7
34053
33042.3
36614.8
29762.8
26890.3
36235.3
36795.2
36359.8
38875
37064.3
37670.8
36550.3
36169.4
36694.7
36077.6
36499.1
35889.1
37027.5
35570.3
36329.6
40019.8
34794.2
36711.1
33667.1
32931.7
31390.9
34796.5
27698.2
37477.1
38630.4
36046.3
36333.3
35963.7
36403.2
36436.2
36183.7
37681.2
36917
37766.8
36893.1
43475.8
35539
35271.9
35427.1
35486.2
41487.5
39858.3
30028.4
28798.7
27284.4
38495.1
36931.8
36206.6
35921.2
36076
36000.1
36135.4
35494.7
35441.7
35507.7
35719
36905.3
42661.5
38277.5
38793.9
34613.6
33444.8
37277.1
30143.8
28793.7
26492.3
36663.4
35597
38293.2
36296.6
36507.7
37903.2
36042.5
35829.3
37284.4
35297.3
35924.8
35923.8
35466
43327
34043.6
34457.7
40642.2
30330.8
28247.4
27030.3
36383.5
41922.6
35545.4
38783.8
36526.7
35800.4
35736.4
36637.7
35180.9
34987.3
37951.4
35946
34878.9
34317.9
33315.5
33179.4
36625.3
28478.4
30266.7
35738.8
35525
40319.3
35274.2
36561.9
35617.9
37187.2
36408.8
36107.5
36061.6
35224.8
33823.9
40006
33659.8
33001.1
30767.9
29591.8
25987.4
36244.5
36872.6
41704.2
35997.9
36636
36296.9
34927.9
34761
35521.9
34938.4
37510.2
33959.7
33197.5
33365.1
33963.5
28326.3
25751.8
35025.7
41381.8
36190.2
40550.8
34928.7
40256.5
36001.1
34704.9
36867
35995.7
34914.5
35053.3
32469.3
30689.2
35301.5
23244.5
35417.5
37263
35464.6
42820
34807.9
35086.1
36369.9
34575.9
33954.9
34225.5
33762.4
33636.5
35063.3
27801.6
26963.5
36018.1
39443.9
35291.8
35518
35101.8
34791.2
35189.3
41001.4
33755.6
33459.4
33140.1
34036.7
29297.5
23819
41274.6
41552.8
35578.9
35898.5
34732
34403
33963
34134.6
39807.8
33460.9
30950.2
28795.4
28104.6
35760.5
36986.4
35963.7
34448
34910.3
34516
34310.9
37916.7
32535.6
34733.9
32144.5
23925.5
34854.8
35286.7
34872.8
34253.1
34128.6
33957.5
36770.3
36735.1
30748.6
27723.2
29237
39083.4
34794.7
38839.3
33723.4
41179.3
36947.3
32277.3
29265.5
35134.7
22787.6
35062.2
34572.8
33804.7
38084.4
37792.7
36451.2
28969.6
28726.5
23751.3
37093
34571.4
33825.5
32401.7
33281.3
32739.6
27736.8
25074.9
34510
36399.1
32494.4
31889.3
29136
35933.8
23426.8
32414.4
31976.9
33689.4
28885.7
27042.5
24161.3
32937.5
31320.4
28232.3
32650
22218.9
32789.8
27600.4
28420.9
25966.7
27117.3
25044.5
26297.9
22988.2
21112.1
17185.7
