128684
129574
128971
132134
128596
128641
128383
128568
128454
128830
128496
128827
129177
128611
130620
128653
128770
129073
128545
129131
129353
128644
128265
128404
128526
128389
128570
128575
130011
128679
129969
128880
131004
128676
128302
129500
128425
128303
128473
128356
128514
128168
128596
128208
128242
128927
132508
128438
128736
129587
128448
129152
130419
128807
128288
133907
128516
128530
129092
133737
128236
128339
128336
128745
128457
128533
128813
128699
128636
128676
128553
129004
128282
129589
128586
128651
128845
128391
129029
128506
128214
128412
128660
128616
128113
128919
129730
128441
128448
128174
128899
129891
128394
128995
128089
128763
128458
128253
129520
128419
128329
129401
128469
128386
128100
128652
128320
128268
130754
130798
128344
128097
128680
128362
128363
130699
128416
126918
128951
127412
126561
126436
127245
126057
126368
126645
125704
129323
128519
128821
128714
129141
130827
128667
131004
128738
128591
128650
128575
132641
128624
129004
128832
129932
128648
128411
128557
132364
128885
133829
128629
128649
128446
128507
128475
128616
128285
128521
128483
128440
128582
128644
128810
128449
129642
128394
129405
129103
128530
129063
129422
128515
128419
129021
128581
128337
128498
128268
128730
128745
128889
128380
128987
128315
128278
128473
132014
128892
128380
129725
128522
128305
128297
128316
128438
128246
128475
128390
128508
128386
128536
132602
129164
128451
129814
128925
128683
128323
128241
130055
130860
128499
128486
128377
128469
128436
128294
128979
129858
128197
129418
128430
128475
129293
128190
129700
128232
128891
128543
128528
128568
128942
130575
128344
128146
128660
128468
128591
128374
128880
128399
128027
128242
128466
127034
127377
127117
126313
126239
127343
126134
127753
125583
128485
129582
128477
128707
128665
128662
129131
128492
128381
128473
128918
129952
129955
128596
128523
129942
128417
128504
129530
129019
128320
128858
128524
128386
128306
128932
129003
128735
128505
128556
128926
128315
128288
130893
128875
128267
128533
128269
128539
128312
129023
128386
128384
129647
129133
128512
128706
128567
128337
128319
132533
128634
128455
129018
129939
128213
128395
129939
128716
128368
128353
132615
128635
128495
128244
128496
128402
128312
128515
128458
128232
128616
129399
129729
128967
128768
132392
128446
128310
128479
128391
128884
128527
128545
128849
128244
128315
128182
128419
132270
129860
128261
128457
128521
128302
128899
128346
128574
128207
129280
128362
128984
128097
132190
128534
128195
128555
130190
128408
128178
128952
128220
128141
128397
128163
127172
127347
128966
127197
126456
126468
126260
126005
130610
125371
128653
130174
128715
128553
128820
128424
129337
130809
129868
128880
128384
128668
128736
128888
128444
128587
130486
128627
128501
128787
128446
128436
128806
132400
128646
128912
128607
129916
128615
128631
130618
128745
128457
128410
129754
128544
129459
128740
128637
128529
128480
128530
128504
128901
128549
128618
128710
129568
132374
128432
128648
128339
128792
128291
132349
129221
128515
128308
128558
128786
128259
128428
128878
133964
128849
128462
130859
128490
128510
129313
129348
128442
128324
128379
128535
128252
128844
128443
128811
129408
128418
128307
128476
128410
130339
128637
129056
128638
128272
128217
130214
128261
128715
128816
128192
129237
128449
129219
128325
129053
128280
128976
128177
128380
128832
128783
128252
128405
128663
128305
128660
129323
129079
128345
127249
128636
127081
126499
126899
126355
126307
131137
125838
125788
128622
128517
128451
128469
128542
128640
128441
128638
128760
128728
129557
128513
128538
129962
128703
128672
128944
128810
128282
128562
128580
128547
128455
128394
129088
128496
128987
129346
132297
128452
128261
129085
128362
128286
128427
128267
128599
128259
128430
128309
128277
128707
129564
128356
128514
129630
128559
128642
129936
129746
128396
130888
128464
128346
128781
130691
128310
128274
128265
128849
128432
128391
128459
128603
128678
128422
128548
129354
128349
128771
128431
128993
130157
128304
129483
128803
128339
128267
128452
129103
128247
129848
132508
128460
128698
128174
128848
130692
128431
128541
128203
128458
128862
128314
128917
128708
128193
132155
128714
128296
128120
128599
128406
128481
129784
133566
128167
128188
128438
128317
128329
129017
128697
126978
127691
127297
126580
126318
128103
126058
126202
126698
126001
128661
128828
128840
128628
128854
132598
129113
128524
128501
128439
128629
128670
128453
129061
128944
128418
128564
129514
128632
128674
130422
132758
128569
128459
128547
128640
129021
128481
129258
129026
128325
128451
131031
128604
129420
128630
129888
128435
129406
128937
128338
128444
128584
128444
128517
130943
129046
128294
128829
128765
128404
128284
129856
128619
128242
128589
128710
128827
128272
128441
128590
129471
128543
128559
129273
128483
128655
133958
128514
128332
128383
128440
128456
128254
128870
129235
128635
128736
128464
128714
128713
128448
132004
129539
129814
128417
128198
128269
128726
128690
128371
129390
128393
128450
128451
128937
128358
129249
128269
131906
128137
128435
130429
128352
128213
128377
130795
128221
128511
129110
128232
128812
127950
127390
126988
126647
126596
126384
126633
128725
125846
125414
130039
129488
128649
129865
128594
129327
130024
128696
128846
134041
130963
128622
128297
129033
129252
129175
129161
129492
128294
128391
128476
128861
129064
129966
128492
128324
128307
128834
129414
128724
128344
128624
132426
128649
129434
128815
128972
128525
129946
128998
128618
133937
131987
128243
128369
128478
128495
128401
128347
128430
128368
128421
128272
128406
128677
130864
128932
128430
128282
128394
128611
128279
128184
128408
128229
128170
128407
129010
128500
128702
128444
128489
128471
128770
128304
128595
128318
128689
129021
128212
128222
128436
128227
128750
128162
128322
128393
128267
128373
130729
128227
128316
128219
128869
128456
128257
128480
128289
128508
128379
130248
128182
128173
128242
130658
128318
129293
129760
128661
128131
127995
127821
127378
127261
126489
126316
126008
128888
126378
126196
125916
128988
129562
128853
128795
128675
128659
129458
128417
129484
129043
128774
128506
128476
128481
129938
129864
132685
128464
128617
128502
128527
128397
128842
128241
128371
128225
128446
129258
128370
128507
128798
130886
128628
129207
130041
128538
129220
132676
128477
128252
130299
128809
128187
128382
128270
128326
128428
128742
128204
128497
128435
128183
128159
130463
130218
128679
128715
128367
128318
128325
128230
128283
128307
128292
128271
128532
128380
128349
129352
128505
128340
128606
128651
128644
128379
128206
128842
132553
128272
128172
128373
128336
128931
128151
128334
128854
128166
129265
128624
128280
128786
128139
128990
128312
128280
128404
128336
128983
128382
131927
128295
128031
128161
128936
128748
128361
128911
128370
127970
128159
130832
127015
127091
126743
126246
126010
130548
126230
126370
125323
128591
128609
129076
128538
129057
128562
128678
129039
128789
128376
128418
128508
129061
128500
129839
128706
128442
128457
128614
132045
128685
132386
128461
128276
128334
128398
132368
128920
128639
129358
128833
130333
128393
128856
130964
128616
129521
129505
128490
129885
129636
128356
128330
128469
128497
128203
128442
128348
128668
128919
128573
128320
128499
130832
133809
128472
128715
129377
128450
128730
128348
128983
128522
128226
128473
128492
129551
128436
128197
129740
128293
128265
128366
130868
128862
128263
128583
128184
128186
128385
128223
129859
128370
128292
128460
128549
128473
128863
128138
128457
128402
128206
130173
128152
128162
128849
128914
128649
128562
128166
128225
128141
132097
128408
129804
128265
128108
128142
128067
127632
127182
127814
126772
127281
126104
127918
126413
126199
125115
128321
128533
128278
128339
132279
128476
128494
128323
128851
128958
128200
128433
129136
128765
129872
129292
128859
128340
128587
128209
128481
128173
128440
128322
128153
128438
128538
129831
128444
128725
128319
128486
129238
128517
129798
129073
128519
128241
128594
128388
128291
128268
128143
128529
128305
130210
128237
129633
128261
128209
128285
133735
128581
128355
129757
128926
128375
128151
128420
128674
128208
128722
128440
128505
128138
128760
130029
128425
128616
129105
128339
129240
128384
128221
128617
130734
128273
128231
128212
128392
128372
128288
128525
132093
128102
132256
128154
128176
132360
128055
128458
128241
128332
128132
128915
128580
129072
128911
128292
128091
128317
128272
128794
128242
128138
127978
127925
128364
128748
126843
127576
128583
126361
126161
126666
126000
127228
124964
128748
133781
130005
128418
128892
130901
133796
128606
128276
130995
129072
128957
128481
128808
128172
128386
128974
128438
129521
128823
128945
128329
128403
130839
128421
128565
128151
128488
129910
128315
130249
128326
128489
128247
128697
128597
128942
129032
129296
128313
128928
129047
128455
128667
128158
128551
128127
128653
128320
128535
128298
128703
128317
128245
128103
128238
129604
128231
128145
128515
128141
128214
128468
130340
128256
128469
128558
128180
128351
129697
128192
128257
128293
128849
128362
128302
128359
129139
128318
128286
128165
128315
128085
128416
128116
130763
128625
128037
128265
129276
128219
128366
129314
128045
128281
128116
129259
128361
128314
128275
128667
128172
128601
132159
130589
128406
128017
127198
128163
127010
126285
126127
126105
126690
127177
125908
128701
128996
128545
128423
128402
128603
128630
128340
128674
129000
128413
128409
129657
128549
128455
129288
132350
128693
128474
128616
128831
128568
128352
129088
129441
128276
128344
133776
128533
130789
128502
129432
128489
128973
128939
128347
128407
128599
128407
128472
129405
129474
128192
128466
128499
128379
128253
132430
128809
128165
128506
128787
129256
128200
128384
128858
129607
128704
128427
130425
128483
128409
130318
128560
128357
128244
128285
128537
128145
128606
128688
128996
129268
128343
128625
128343
128210
129882
128740
130751
128442
128097
128185
129265
128469
128363
128686
128238
128631
128310
129746
128159
128713
128243
130757
128088
128398
129045
128332
128073
128452
129583
128210
128366
128716
128362
128320
127722
127507
126977
126476
126997
126191
126691
130210
125754
125261
129548
128362
128824
129812
130876
128611
128341
132427
128919
128830
128484
128624
128224
128476
129478
128406
129354
128628
129188
128445
128410
133794
128425
128479
128151
128661
129312
128459
129889
128328
128397
128253
128479
128555
128917
128735
128991
128365
129397
129440
128389
128739
128181
128565
128132
128944
128435
128491
128241
128530
128354
128211
128122
128288
130547
128325
128137
128753
128166
128279
128697
130285
128249
128436
128544
128223
128294
129977
128223
128295
128444
128827
128275
128436
128409
129766
128429
128413
128224
128313
128070
128628
128107
129833
128833
127996
128380
129110
128361
128370
129750
128038
128382
128084
128865
128526
128398
128265
128477
128248
128471
130685
132136
128495
128112
127096
128587
126999
126271
126228
126182
126423
127996
125866
127616
128453
130369
130396
130447
128468
128209
129927
132401
128527
128523
128518
128206
128187
128540
128835
132548
129987
129164
128249
128557
129013
128648
129602
128326
128404
129064
128406
128722
128309
129154
128198
128593
129865
129838
129370
132242
128420
128271
128863
129076
128344
128136
128783
128441
128438
128384
129156
128212
128945
128585
128449
128293
128402
128890
128292
128152
128427
128227
128179
128158
131996
128657
128337
128285
128446
128451
128534
128075
128453
128358
128358
128259
128193
128305
128406
128077
128342
128189
128524
128251
128439
128089
133831
128189
128160
128436
128409
128289
128273
128389
128327
128121
128629
128652
127998
128508
128433
129639
128062
130617
128858
128550
128745
127950
127092
128626
127669
126456
126294
126169
126629
126453
126324
127232
128607
128622
128468
129597
128623
128255
128566
129864
128522
130307
128779
128522
128289
128621
128347
128482
128191
128404
128438
128212
128356
128819
129316
128321
128888
128211
128701
128767
128586
128889
128856
128665
128325
128574
128396
128247
128265
128137
128927
128432
129002
128336
129772
128180
128180
128436
130830
128524
128290
132082
128711
128295
128114
128349
128447
128167
128541
128330
128281
128216
128767
132255
128771
128568
130297
128507
128645
128348
128188
129106
129763
128346
128360
128170
128293
128214
128247
129046
132351
128067
129361
128227
128219
130097
128089
128845
128127
128677
128274
128867
128322
129861
129127
128157
128064
128645
128252
128408
128363
128332
128097
127934
128216
127915
126864
127852
127893
126337
126142
126636
125964
129656
125178
128854
128904
128788
128300
129101
132397
128450
128281
128401
128317
128208
128366
128819
132396
128989
129225
128437
129032
128602
128332
132253
128405
128284
128492
128303
128427
128161
129019
128116
128279
130198
132261
128591
129347
128673
128195
128727
132141
128444
128173
129521
128652
128350
128599
132302
128226
128453
128407
128899
128351
128420
128601
128439
128301
128454
128363
128427
128129
129883
128893
128534
128482
128497
128970
128361
128093
128453
128432
128370
128134
128399
128680
128278
128155
128181
128466
129786
128486
128483
128051
129309
128198
128265
128704
128288
128213
128707
128272
128488
128023
129030
128265
128022
128873
129547
128618
128025
129660
128286
128281
129111
128093
126940
128555
128014
126576
126319
126404
126186
126196
127229
125787
133840
128576
128273
129365
129319
129202
128778
129237
128211
128295
128523
128643
129276
129475
128532
128258
128318
129104
128895
128673
128223
128509
132379
128464
129852
128557
128742
128361
129203
128916
128690
130839
130761
128197
128429
128456
128421
128422
128187
128398
128270
128392
128206
128414
128462
129612
128613
128310
128165
128294
128703
128207
128101
128312
128153
128146
128302
129367
128389
128643
128396
128332
128350
129010
128164
128421
128229
128722
128695
128166
128176
128510
128179
128443
128087
128276
128211
128182
128217
132092
128278
128146
128188
129077
128334
128233
128583
128162
128310
128254
130186
128174
128177
128209
129614
128168
129089
130763
129016
128138
127951
127512
127520
127205
126359
126196
125985
127690
126455
126074
126477
128538
128254
129909
129180
129019
128515
128935
128144
128290
128639
128490
129460
129095
128714
128289
128354
129654
128570
128598
128119
128478
130828
128390
130148
128354
128586
128221
128784
128768
128837
129592
129925
128227
128600
128641
128421
128507
128107
128485
128150
128463
128269
128487
128337
128991
128490
128238
128085
128245
128993
128203
128094
128371
128140
128159
128332
129849
128311
128522
128420
128221
128303
129252
128152
128288
128254
128753
128415
128233
128241
128718
128233
128351
128078
128246
128080
128228
128092
132152
128415
128030
128155
129148
128243
128255
128864
128079
128227
128177
129653
128242
128242
128201
129006
128136
128867
132083
129551
128253
127976
127190
127806
127081
126248
126148
126012
126972
126709
125947
127355
128396
128390
128561
130707
128218
129320
128295
128377
128286
128305
128530
128331
128315
128623
128891
128450
128151
128794
128310
128156
128816
128096
129274
128235
128330
128250
128360
128539
128593
128365
128340
128444
128495
128195
129300
129410
128240
128707
128565
128098
128199
128974
128636
128224
128124
129668
128197
128131
128236
128181
128235
128121
128221
128421
128252
128406
128334
132202
132195
128143
132366
129243
128186
128075
128143
132136
128524
128873
129377
128390
128436
128056
128189
131775
128829
128111
128248
128272
128650
128385
128170
130033
127957
132172
128899
128238
128038
128730
129054
128305
128371
130563
128066
128128
128280
128635
128445
128104
128206
127085
127057
127312
126532
126033
126408
126216
126037
127711
126302
128290
128209
128407
128499
128408
132400
131859
128586
128370
128195
128291
128261
130717
128911
128314
128261
128176
129161
128468
128295
128372
128343
128895
128257
129801
128344
128186
128264
128176
128119
129291
128881
128288
128168
128856
130608
128474
128544
128405
128596
128171
128719
128159
128299
128331
129263
128435
128261
128816
131818
128313
129669
130765
129227
128150
128378
128363
128459
128450
128322
128401
132365
128292
128455
128304
128557
129442
128769
128565
130707
128349
129231
128155
128515
128268
129348
128016
128999
129186
128426
128224
128249
128398
128516
128617
128581
128180
128202
129588
128530
128177
127976
129441
127999
127987
128137
128089
133538
127633
126954
126981
127821
126439
127688
126082
126265
125829
125067
129095
128451
128436
128354
128220
128329
129343
128432
130059
128590
130398
128422
128547
132259
128373
128595
128194
128647
128793
128553
128896
128263
128429
128134
128377
128603
129528
128590
128959
128488
128844
130883
128548
128447
128111
128848
128152
129234
128704
128764
128094
128447
128369
128153
128181
128366
132279
128467
128189
129102
128195
128293
128478
132462
128292
128189
128267
128244
128192
128888
128088
128342
128670
128395
128117
128373
128360
129163
128258
128371
128293
128262
128032
129147
128006
129930
128426
127995
128800
128488
128506
128227
128820
128069
128299
128141
128466
128287
128707
128272
128420
128175
128493
129083
129457
129203
128070
126984
131164
126998
126280
126318
126206
126227
127816
125820
128440
128395
128395
128402
128236
128129
128310
129163
132278
129829
128923
128247
128561
128586
128539
132293
128408
128311
128582
128342
128378
128248
129639
128162
128420
132179
129998
128925
130859
128400
128167
128590
130245
128247
128153
128834
128678
128298
128423
129655
128232
128717
128580
128754
128377
128520
128517
128363
128187
128320
128252
128188
128079
129822
129178
128430
128278
128650
128732
128308
128060
128594
128351
128256
128210
128157
128343
128234
128071
128204
128287
128963
128478
128355
128067
130155
128063
128230
128397
128214
128254
128355
128210
128596
128038
129149
128315
127914
128454
128727
129262
128015
132116
128305
128280
128595
127948
126976
128094
128455
126521
126365
126105
126357
126204
127135
125840
128592
132200
128279
128414
128373
128316
128357
128464
128148
128434
128373
128606
128382
128377
128273
128266
130207
128231
130763
128548
128314
128441
128976
128363
128314
128881
128488
128147
128588
128159
128533
128953
128315
128352
128384
128173
128104
128356
129283
128616
128199
129069
128194
128085
128330
128097
128195
128146
128234
128266
128338
128328
128243
132249
129690
128160
129794
129541
128258
128075
128039
132045
129215
128535
128570
128460
128357
128252
128089
128941
128742
128045
128484
128427
128600
128463
127982
132050
128025
129153
128920
128168
128244
128425
132049
128286
128022
128661
128288
128236
128216
129535
128750
127931
128130
127574
126964
127008
126504
126041
126092
127108
126152
127041
125997
129051
128380
128908
128852
128734
128271
129002
128252
128274
128121
128401
132230
128224
128405
130372
128968
129791
128412
132079
128597
129578
132126
128372
128166
129505
128665
128187
128466
128399
128095
128165
128636
128107
128307
128898
128259
127982
129053
130413
130009
128182
128293
128522
128374
128282
128166
128671
128235
128198
129063
128207
128308
128314
128101
128455
128129
128273
128833
128811
128435
128209
129580
128097
128045
128548
128338
132398
128129
127953
128310
128281
128997
128348
128194
128439
128160
128203
129088
127954
128224
128204
131988
128097
128734
128430
128070
127916
129114
129573
128362
128184
128173
127965
128108
129612
126975
126930
126556
126479
125955
130023
126589
125782
124983
128371
128481
128361
128372
128337
128559
128149
128301
128227
128361
128679
128407
128480
128465
130401
128366
129681
129167
128363
128877
129916
128350
128212
129336
128540
128127
128343
128134
128401
128507
128624
128205
128563
128230
128146
128211
130661
129158
128377
128988
128288
128190
128220
128144
128250
128156
128282
128217
128391
128314
128280
130486
128783
128260
129082
128828
128455
128211
128119
129617
131877
128252
128243
128304
128293
128477
128148
128579
129046
128075
129074
128407
128285
128808
128053
129807
128161
128558
128430
128284
128588
128479
132307
128194
127961
128347
128534
128486
128257
129051
128352
127884
128048
128688
126926
127090
126758
126165
126008
128179
126104
126811
125421
129614
128361
128495
128165
128308
128255
129307
128753
128201
128225
128238
130484
128351
128246
128325
128183
128708
128346
129620
128308
128279
128214
128181
128114
129197
128403
128230
128238
128437
132348
128437
129103
128340
128809
128176
128887
128172
128321
128504
130791
128750
128146
129247
132302
128400
131697
130108
128618
128096
128674
128325
128242
128784
128270
128168
131746
128438
128660
128159
128569
128745
128482
128283
129089
128215
129650
128143
128932
128380
129708
128009
128407
130088
128517
128075
128320
128271
128192
129167
128359
128412
128202
128628
128492
128154
128005
128877
128021
127908
127965
128116
130104
127545
126885
127258
130202
126826
127466
126018
126073
125971
124897
129177
128283
128115
128231
128175
129831
128491
128421
128423
128098
128655
128983
128324
128504
128352
129831
128161
130721
128608
128089
128121
128262
128073
128562
129767
128298
128120
128847
129728
128277
128264
128586
128245
128074
128790
128298
128294
128260
128509
128243
128421
128318
128965
128390
128588
129099
132175
128110
128190
128329
128401
128259
128203
128545
132381
128208
128257
128334
128785
129046
128493
129223
132047
128732
128385
128124
128308
128169
129343
128053
129427
128724
128170
128245
128260
128273
128814
128230
129587
128095
128243
132148
128208
128099
128040
132291
127939
128087
128426
127943
130473
128096
126865
126847
126966
126203
126607
126232
126670
125734
125174
128381
128507
128311
128815
128621
128348
130127
128658
128176
128197
130218
128382
129254
128591
128873
128263
128641
128525
128230
128465
128344
128312
128408
130491
129566
128142
128598
128350
128371
128055
130422
128617
128152
128251
128412
128586
128086
128192
128501
130774
128443
128350
129520
128280
128370
130378
128651
128151
128192
128305
128282
128094
128861
128538
128519
128780
128320
128317
128444
128298
132353
128825
129197
128345
128061
128055
128988
128257
128404
129014
128098
128521
128345
128834
128222
129195
128018
129526
127963
128274
129343
128283
128019
128191
129145
128024
128504
129458
128331
128357
127312
127612
126780
126341
126521
126181
126216
132043
125660
125441
128645
130886
128387
128217
128276
128306
129239
129281
129042
128706
128457
129267
128162
128400
133764
128330
128605
130247
128506
128892
129189
128335
128103
128454
128680
128124
128417
128346
129315
128692
128676
128396
128320
128987
130696
128660
129309
130225
128323
129148
128407
128831
128863
128260
128191
128412
132293
128338
128063
132456
128395
128110
128256
132288
129015
128089
128310
128065
128097
128201
128067
128752
128458
128294
128672
128545
128285
128510
128028
128552
128374
128015
129626
128049
128046
130119
128345
129203
128268
127992
128249
128110
129586
128117
130036
128042
127986
128103
128011
127161
127116
128927
127051
128010
126095
126490
126183
126452
124951
129091
129979
128294
128780
128998
128324
129821
128197
128282
128606
128279
128501
128102
128834
128036
128266
129617
132477
128668
129769
128547
128258
129142
129516
128297
128017
129348
128336
128468
128585
130197
128053
128461
128392
128466
128215
128341
128997
128400
128167
128513
128263
128246
128124
132551
128529
128277
128309
128341
128519
128403
127964
128325
128425
128307
128064
128228
128430
128336
128071
128098
128338
128820
128223
128683
127894
130405
128121
128032
128646
128259
128223
128428
128299
128252
127989
128490
128322
127991
128830
128809
128744
127955
129795
128490
128461
129484
127984
126859
130651
127460
126329
126251
126251
126183
126425
126345
126757
128441
128141
128278
128381
129772
129272
128495
128676
128927
129063
128409
128507
132311
128345
129015
130396
128583
130207
132251
128275
128127
128321
128636
128128
128245
128402
128669
128503
128342
128448
128381
130230
130161
128425
128489
128920
128350
128431
128176
128492
128330
128124
128194
128740
129527
128367
128123
129278
128336
128224
128183
129627
128493
128200
128382
128061
128158
128186
128048
128832
128206
128314
128394
128290
128254
129596
128030
128278
128241
128178
129027
128104
128117
128731
128379
128732
128546
127972
128181
128169
133668
128126
132189
128341
128106
128138
127961
127304
127211
128039
126596
126776
125965
127179
126191
126313
125321
128395
129086
129220
128270
128607
128172
128507
128292
128535
128234
128163
128333
128042
128167
128522
130867
128276
128591
129139
128404
132373
128632
128268
128081
130222
128103
129270
129795
129184
127972
128212
128361
128127
128298
128682
130093
128889
128367
129637
128426
128431
128254
130671
128245
128084
128130
128302
128180
128272
128053
128495
129260
128113
127944
128284
128464
128549
128151
128277
128870
128339
128012
131736
127882
128778
128173
127976
130634
128066
128596
128279
128265
128130
128100
128086
128051
128070
130091
128447
128175
127994
128376
128162
128367
133621
128058
126788
132335
126932
126291
126663
126539
125972
126917
125832
125779
129703
128447
128170
128241
128445
128310
128234
128194
128477
128408
128089
128720
128174
128126
128451
128134
128079
129862
129359
128393
128374
130434
128779
128865
128151
128340
128625
128476
128302
128071
128137
128286
128552
128228
128356
128542
129696
128321
128835
132037
129066
128245
128174
128367
129140
128214
128387
128795
129368
128149
128374
128611
128180
133647
130268
128824
132157
128137
128978
128425
128167
128295
128393
128048
130621
128348
128590
128429
128090
129146
129112
128226
128274
128091
128198
130086
128888
128583
127925
128723
127947
128105
128385
128303
133411
127058
127082
126853
126694
126258
128778
125951
126254
125847
125656
128309
128074
128639
128383
128187
128249
128188
128298
128121
128257
128171
128106
128442
129283
128151
128243
132227
128435
128715
129072
129275
128373
132282
128310
128317
129183
129683
128116
128081
128157
128439
128520
128501
128421
128838
129221
128429
128818
130621
128211
128632
128299
128431
129049
128285
128692
128407
128342
128273
128600
128450
128017
130042
131968
128313
128682
128044
129538
129173
128211
128713
128064
128215
128688
128242
129557
128238
128168
129674
128412
128220
127962
128281
128157
128335
132185
130014
127975
128031
128182
128035
128093
129384
128978
126823
127594
127033
126607
126416
130233
125888
126105
126194
125500
128278
128278
128113
128644
128834
128435
129304
128284
128272
128215
128344
128331
128719
128432
128577
128297
129676
129749
128225
128709
128105
128476
128022
129094
128427
128348
128091
128337
128259
128041
128066
128280
132362
128314
128092
128871
128125
128222
128743
129761
128137
128276
128432
128153
128170
129628
128151
128270
128454
128577
128149
128370
128280
130589
128448
128362
128183
128118
127974
128763
128024
129063
128848
127965
128399
128780
128350
128306
129957
127975
128364
127965
128505
128596
128272
128163
128186
128222
128207
129589
132009
128505
128069
126986
128674
126823
126186
126229
126092
126167
129900
125685
126575
128413
128306
130213
128799
130743
128279
129335
129009
128665
130351
128665
128214
130105
129013
128132
128273
128346
128118
128117
128294
128082
128282
128989
128287
128032
128468
132073
132225
128154
128323
128716
128346
128374
128123
128831
128243
128096
128583
128255
128568
128174
128032
128686
128066
128167
128300
129320
128548
128100
128810
128021
127998
128336
128153
132185
128098
127967
128212
128322
128373
128510
128058
128213
128138
128059
129685
127903
128065
128263
129613
128164
128489
128157
127995
127921
130477
128602
128674
128082
128012
127893
127933
128045
126982
127159
126416
126701
125883
129825
126451
125786
124883
128581
128197
128318
128312
128194
128137
129812
128129
128256
132431
129602
128552
129283
128380
128058
128365
132335
128256
128188
128885
129208
128217
128336
130085
128269
128445
128509
129412
128471
128564
128254
128384
128156
128278
128280
128176
127994
128936
129856
128628
128329
128806
129217
128187
128037
128541
128343
128271
128164
128212
128398
128063
128010
128179
128240
129646
128874
128199
128076
128861
128025
128391
128290
128126
128223
128495
128075
128885
127965
130543
128140
127831
128421
129106
128684
127949
130299
128042
128016
128407
127894
126930
127604
130433
126725
126412
126092
126140
125966
129562
125289
128264
128224
128285
128084
128540
128838
129007
128375
128620
128237
128228
128243
128589
128165
128173
128410
128117
130632
128235
132138
128203
128564
128194
129083
128250
128475
129135
132279
129048
128108
129178
129524
128307
130260
128784
128252
128170
129609
128533
128089
129764
128454
128027
129180
128733
128565
128104
128631
128263
128119
128135
128330
128232
128984
128233
130270
128217
129728
128051
128096
131991
128317
127971
128373
128062
127956
132011
128220
129286
128188
128147
128237
128106
128111
128382
128259
127808
127805
127960
128473
127480
126861
128367
132458
127392
126561
126130
125916
126469
124768
128460
132130
128320
129657
128445
128996
129131
128287
128236
128673
128410
128285
128801
128937
128070
128201
128409
128158
128166
130792
128605
127995
128426
129011
129722
128088
128271
128770
128946
128555
128297
129800
128297
128248
129681
128314
128325
128107
128093
128499
128023
128329
128576
129017
129021
128153
128589
128136
128063
129134
128452
133459
128242
127934
128110
128851
128424
128202
128319
128229
128403
128122
130071
127980
128335
128192
132037
128034
128268
128629
128099
127920
128640
129656
128176
128115
128337
128095
128125
127816
127137
126924
126432
126915
125986
127022
128057
125650
124950
128396
130704
128778
128512
128455
130049
128430
128309
130824
129244
128128
128380
128293
128257
128475
128285
128237
128267
128304
128132
128209
128840
129722
128492
128395
128116
128160
128441
128095
128109
128235
128113
128149
128312
128657
128254
129022
128570
128254
128476
129137
128241
128264
128136
129077
129256
128188
128176
128457
128151
128487
128046
128283
128344
128079
128377
129319
128279
128279
128051
129596
128185
128358
128658
128117
128391
128168
133615
128111
128022
128173
129007
128229
128466
131644
128891
127999
127951
127919
127151
126964
126384
126108
125928
129607
126317
126118
125860
128189
128813
128829
128454
128921
128476
128235
128754
128542
128347
128425
129020
128133
128092
128246
128192
128204
131659
128854
128055
128257
129164
132220
128077
128497
129469
128740
128829
128282
130648
128440
128212
128739
128319
128592
128098
127997
129032
128014
128179
128291
130318
129579
128054
128325
128019
128039
128598
128219
132169
128382
127918
128059
129127
128171
128250
128129
128118
128536
127985
133566
127940
128153
128357
129330
128066
128173
128236
128187
127923
128970
128550
128406
127969
128092
128138
128031
127344
127127
127044
126427
128016
126040
126969
127287
125663
124879
128346
128159
128299
128687
128243
128335
128809
128593
128161
128937
128351
128221
129147
128154
128229
128102
128202
128076
128219
128464
128543
128152
128347
128033
128004
128670
128030
128066
128163
128065
128198
128368
128627
128055
129148
129283
128010
128608
132195
128116
128078
128044
130552
128601
128484
128433
128930
128400
128192
128040
128376
128210
128069
128156
128845
128851
128080
127986
133387
128013
128751
130078
127955
128202
128073
131691
128386
128038
128335
128305
128115
128173
133383
130393
127953
128089
127244
127185
126777
126275
125962
126047
126763
126584
125989
126591
128251
132032
130687
128168
128002
128894
128338
128134
128696
128263
128051
128245
129198
128035
128300
128610
128147
127899
129684
129205
128715
128267
128356
128268
128310
128176
128310
128392
128301
128256
129891
128062
128200
128404
128092
128258
128108
128326
129728
128353
128236
128228
130603
128180
128013
128620
128738
130054
128132
127954
128491
128116
130063
128119
128401
128772
127986
128200
128465
127953
128294
128153
132234
128089
128678
128864
127950
127900
128457
131996
128024
128081
128116
127850
128340
132376
126814
126865
126786
126244
125976
127695
126480
125841
124880
128253
128609
132267
128558
128988
129728
128235
127982
128379
128834
128033
128267
128358
129273
128418
128442
128446
128286
129066
129786
128702
128918
129304
128251
128697
128286
128521
128602
128125
128045
128497
132227
128362
128005
130365
128383
128036
128097
130217
128649
128085
128222
127994
128068
128079
127961
128469
128316
128343
128602
128368
128187
128749
127885
128457
128230
127988
128989
127994
127946
129664
128172
129551
128273
127873
128180
128130
130027
128006
132009
128060
127947
128085
127911
127050
127128
129741
126882
127222
125971
126516
126055
126700
125005
129270
128158
127990
128485
128190
128237
128699
128117
128037
128347
131850
128079
128468
128366
128098
127909
130137
128552
128419
128384
128641
128245
128152
128246
128743
128201
128567
128599
129628
127994
128250
128439
128159
128247
128172
128233
132380
128225
128122
128219
130041
128347
128116
128494
129174
128957
128263
128022
128780
128016
132310
128021
128438
129597
127991
128143
128219
128071
128267
128305
129907
128188
128457
129069
127985
127929
128174
132218
127994
128013
128035
127786
128936
130803
126724
126921
127415
126167
126198
126718
126243
125893
124836
128405
128159
130724
128819
128079
128256
128211
128167
128214
128595
128074
128350
128487
128100
127991
129543
132126
129192
128322
128226
128277
128289
128123
128100
128345
128144
128101
128603
128238
128333
128653
128188
128317
128213
128368
128569
128515
128211
128354
130692
128095
128036
128333
128197
129617
128034
128026
128491
128151
129057
128488
128100
128516
128015
128437
128497
128013
128201
128208
129626
128172
129667
128197
127949
127918
129254
128879
128345
128514
128176
127863
127966
130963
126894
127005
126588
126255
125880
132124
126259
126016
125112
129043
128876
130152
128278
128070
128354
129790
128093
128173
128561
129203
128279
128281
129031
128264
128761
128886
128984
128589
128756
128281
128426
128184
128314
128384
128131
128038
128904
130693
128491
128142
129239
128766
128152
128034
129048
128398
128183
128195
128069
128258
128098
127975
128251
128229
128851
128721
128223
128098
129115
127964
128370
128234
128104
128444
128225
128026
129148
128005
130044
128252
127877
128238
128535
129365
127945
133563
128096
128052
128230
127886
126983
127379
130850
126751
126619
126024
126335
125995
127651
125278
128389
128815
128895
128252
129342
129799
128373
128071
130815
128282
128455
128908
132118
128020
128251
128272
128445
128255
128344
128926
128484
128270
128581
128298
128454
128073
130771
128458
128279
128357
128276
128546
128317
127975
128255
128537
128295
127983
128418
128708
128267
128138
128103
128509
129066
128164
129001
127900
129101
128178
128058
129229
128165
128149
128615
128235
128203
127917
128451
128119
128022
129647
129183
128296
127918
128821
128209
128236
131588
128095
126752
130942
127291
126348
126287
126521
126007
126346
126355
125880
130628
128129
128163
128240
128313
128170
128250
128243
128246
128339
128143
128215
128644
133613
129158
128243
128171
128341
128336
128116
128080
128327
128072
128065
128288
128570
128442
128476
128162
128394
128257
128351
128213
128632
128231
128357
129042
128033
128085
128222
128092
128828
128020
128147
128253
128110
128346
129545
128036
128220
128097
128468
128487
128057
128206
128189
128571
128271
129641
128003
128030
128073
131957
128229
129113
128821
128230
127973
127859
128010
127079
127129
126370
126252
125900
130281
126183
126019
125345
128196
128110
128418
128646
128112
128098
128394
128353
128284
128188
128540
128270
129700
128894
128313
128182
128414
128436
128155
128023
128290
128103
127984
128089
129314
128799
128322
128098
128544
128277
128317
128018
128637
128257
128270
128325
127998
128081
128207
127953
128415
128067
128276
128246
128171
128099
132069
127965
128153
128191
128303
128377
128083
128169
128309
128129
128510
128643
127910
128196
128170
132022
128022
131988
128641
128255
128197
127786
127153
127492
127649
126392
126252
125877
126962
126168
126183
125805
128389
128855
128535
128786
128532
130437
128291
128494
130666
128839
128083
128065
128252
128182
128950
128887
128423
129756
130277
128726
129569
132095
128259
128472
128330
128134
128510
128487
128255
128218
128538
128435
129197
128198
127981
129483
129644
128315
128660
128157
132143
128440
128137
129226
128142
128111
128500
128306
131678
128031
128397
128722
128308
128384
128042
128093
128051
128390
132234
128769
127999
128113
128106
127902
128025
129519
129326
126816
127456
126917
126756
126859
130867
125890
126186
125803
125177
128711
128114
129710
128414
128268
128027
128801
128243
128138
128189
128133
128206
128090
128124
128092
129241
128118
128339
128552
128155
128567
131782
128342
128001
128263
128742
128046
128190
129891
128729
128102
128260
128757
128208
129215
128673
133644
130225
128424
128165
128137
128022
128364
128243
128164
131987
128080
128149
128792
128215
128523
132031
127959
128922
127929
128312
132128
128136
128108
127968
129121
127864
128669
130336
128026
128865
127197
127172
126691
126356
126059
126357
126004
128072
125630
125876
128308
128272
128085
129171
128126
130753
129849
128565
127969
128203
128532
128043
128310
128852
132186
128913
128376
131742
128426
128414
128564
129925
128300
128070
128094
128391
128038
128425
128091
128712
129773
128118
127982
128246
128308
129026
128244
128523
128733
128123
127982
132377
127934
128584
128270
127938
130152
128117
129081
128126
128459
128123
128352
128026
128065
128257
129242
128143
128166
128140
128204
128286
128621
130219
128089
126898
130683
126859
126312
126940
126365
126022
127908
125679
125591
128458
128098
129289
128941
128109
128353
132232
128249
128187
128180
129737
128320
128296
128219
128293
128134
128192
128260
128301
127975
128834
128997
128850
128640
128473
130066
128190
128008
128248
128258
128499
128118
128414
128764
128037
128055
127985
128285
132028
128812
128178
128005
128530
128126
128269
128404
128280
128031
129060
128105
128569
127858
129946
128212
127937
128706
130671
128284
127909
129007
128004
127957
128602
127938
126862
127611
128418
126593
126236
126339
125982
125888
129417
125307
128252
128683
128032
128208
128226
128514
128192
128079
127997
128281
128093
128009
128404
128100
128420
128169
128178
129097
128757
128287
128033
128751
131959
128010
128689
130448
128495
128004
128063
129997
128198
132354
131721
129041
129993
128030
128277
128727
128134
128097
128129
128155
132296
128076
128219
129508
127966
130491
131703
127948
128138
128029
128506
129593
128485
128937
127908
128321
127925
128556
128978
128117
129096
126979
127006
126733
126311
125929
127330
126039
126378
125953
128392
128204
129091
128202
128351
127991
129707
128229
128280
128513
129846
128386
128079
128656
129680
128171
129537
128983
128721
127987
128523
128409
128157
128561
128228
128120
132271
128291
128285
128166
129169
128410
128205
128267
128868
128329
128723
128029
129207
128098
132296
127999
128297
131978
128151
128038
128141
128103
128123
128909
128579
128371
128251
128616
128150
127983
127997
129370
127944
127861
127921
127896
129169
128318
126724
127145
130055
126485
126589
126227
126006
125985
124810
128218
128411
129344
130584
128051
128129
128162
128396
128398
128485
128644
128799
128678
128618
128571
129201
128113
129166
128267
128294
128588
128236
128629
128312
128128
128272
128679
128322
127939
128924
129785
128245
128337
128019
129215
129054
128180
129146
127975
128446
128324
128087
130222
128123
128228
129038
128288
128157
127908
128315
128120
128137
133442
129660
128107
127949
128358
128076
128130
131983
128347
126737
128500
127033
126421
126400
127657
125896
126196
126213
125399
128112
128311
128396
128878
128265
128403
130466
130065
128801
128013
128735
128722
128197
129125
128317
128052
128153
130612
128847
128124
129686
128958
127958
128476
128711
128367
128190
128528
128027
128100
127962
128060
128105
128454
128524
132118
128088
128888
128109
127946
130218
128101
128038
128210
128145
127889
132300
128050
131927
128177
127933
128064
128266
128163
128051
128577
127811
127772
127856
128045
127230
126849
130893
130358
126963
126149
126069
125827
127380
124757
129258
128132
128123
128461
129210
128001
128414
129192
130109
128956
128352
133588
128467
128299
128990
128612
128357
128031
128013
128640
127972
128281
128288
129259
130135
128036
128185
128136
128085
129167
128331
129603
128593
127951
128039
130343
128111
128210
128310
128053
129043
128002
130564
127951
128368
128220
129066
127935
128100
128418
128490
127927
128260
128530
128091
128117
128429
128641
128130
127194
127709
126887
126370
127570
126185
126300
129879
125548
125085
128544
128000
128165
128634
128025
129143
130052
128780
132090
129486
130161
129730
129137
128217
128614
128463
128057
128157
128941
128054
128141
128256
129157
132346
128041
127934
128399
128469
128288
128277
128340
132029
128166
128074
132214
127998
128121
128160
128190
133591
127956
129159
128217
128092
128582
128101
128032
127960
128124
130149
128267
128069
128042
128130
127943
128044
129928
128380
126801
127733
126948
126705
128043
127693
125925
126492
125700
125006
128044
128088
128035
128771
128177
128220
128391
128327
128169
128256
128218
128480
127934
129264
128436
128501
128610
128184
129110
128212
127877
128082
128269
128375
127933
128519
129069
128080
128090
127901
128383
130550
128283
128386
127856
128598
128147
128055
128703
128179
127967
129149
128149
128179
127773
128713
128059
127932
129331
131553
128135
127798
128625
128047
128049
129403
128066
126653
128305
127436
126320
126114
126595
125825
125974
126852
125415
128676
128259
129019
128489
128123
128019
128124
128405
128060
128341
128229
128481
128000
128392
129605
128269
128262
128721
128283
129135
128170
128022
128602
133473
128110
128007
128121
128294
128361
128099
128239
130011
127915
132138
128062
128087
130234
127902
128478
128117
128143
128113
128427
128697
128547
129142
128210
127916
128052
128212
128885
128080
128179
127968
127721
128230
129962
126666
127168
127535
126140
125958
127031
125914
126649
124889
129746
128213
128162
128411
128240
128127
128036
128393
128054
127995
128348
128360
128452
128371
128056
128476
128151
128249
128231
128768
128263
128170
129123
127955
127980
128202
128074
129492
127980
128025
128272
128129
128405
128934
127987
128270
128048
128245
128703
127942
128100
128180
128921
128202
129062
128034
127977
127950
131933
128344
128886
128447
128082
127878
127846
128328
126971
127090
126392
126285
125827
130794
126148
125901
125096
128192
128651
129687
128376
128839
128287
129333
128481
128140
128356
128280
129109
128141
127957
129777
128050
128076
128203
132134
129143
128017
128396
127973
127999
128257
128066
130540
128342
128000
128222
128601
128256
128381
127976
128247
128339
127966
132078
127944
127999
128662
128926
128285
128192
128037
128121
127955
129932
128296
128929
127968
127946
127994
127919
127418
127069
127442
126566
127765
126034
127355
126440
125837
124871
128605
128274
128002
128219
128285
128051
128391
128191
128053
128215
129089
130214
128686
128551
132219
128241
128258
128280
128104
128726
128666
128242
128391
127988
128111
128003
128120
130024
131967
127934
128623
128119
128022
129386
127963
128402
128039
128777
128083
129025
127987
131999
128413
127965
128058
129061
128137
128075
128464
128000
127866
127932
127958
127217
126909
128548
127812
126239
126113
126127
125772
130439
125012
130119
128114
130662
130358
128619
133605
129076
128192
128112
129659
128270
128027
130633
128216
128026
128947
129289
129241
128057
128270
128260
128202
128069
128330
128183
130087
128106
129074
128587
128844
128068
128101
129529
128650
127928
128709
128050
127970
131938
128129
128819
128050
128108
128443
128074
128105
128220
128247
127771
127853
128128
128604
127161
126894
127927
130187
129608
126977
126025
125934
126065
124690
128474
132257
128986
129705
130133
128533
128166
128281
129642
128116
127981
132093
128099
127967
128207
132283
131937
127958
128112
128067
128100
128188
128038
128608
129555
128045
128366
129506
128133
128145
127964
128357
129085
127887
130477
127972
127934
129583
128239
128468
127986
127955
128557
128029
128431
128064
128511
127836
127887
128381
128089
126983
127146
127628
127001
132364
126551
126178
126337
125891
124766
128435
128113
129642
128156
128242
128792
129822
128188
128090
128198
128222
128013
128842
128136
128426
128844
128288
128052
128301
128258
130044
128354
128499
128271
128050
127969
129606
127970
128749
128534
127931
128902
128329
128641
128140
128928
127984
128444
127952
128187
128432
128563
128074
128125
128265
128100
128705
129543
129016
128054
126939
129370
126806
126177
126464
126129
126085
130252
125602
126009
130035
129434
132065
129065
128177
128351
129041
128140
128052
130055
128119
128032
128416
129743
132090
128027
128040
128270
128291
128158
128235
128363
132279
128126
128325
129693
128202
128063
128095
128441
130003
127948
129334
128046
128000
129432
128106
128294
127952
128068
129089
128148
128064
128049
128170
127844
127947
128761
128433
126921
127265
127293
127218
130355
127352
125979
126302
125812
124827
128497
132300
132119
128369
128092
128516
128155
128216
128793
128148
128083
129492
128493
129018
128086
128173
128956
128663
128229
128907
128110
131929
128113
128426
128580
128675
127937
128411
128891
129005
127968
128330
128220
128154
128939
128179
128217
128041
128459
128932
128128
127928
128421
127947
127812
127875
128309
130411
127055
126921
127064
128130
127123
129913
125886
125961
125794
124868
128703
128347
128673
128692
128458
128015
128020
128850
127996
128222
128192
129723
132095
128038
128062
128128
128110
128803
128251
129110
128893
128006
128052
132321
127997
128206
128227
128037
129646
127957
131764
128026
128261
128328
128664
128011
128003
128282
128751
128014
128289
128267
128149
128079
128290
128954
128097
126982
127855
126920
126463
128472
126311
126189
127886
125614
125061
129675
128209
128163
129005
128208
128086
129681
128171
128032
129000
129006
129605
128057
128160
128458
128358
128102
128437
128158
132127
128165
128665
128753
128583
128029
128151
129096
129004
127954
128625
128123
128005
129903
128063
128435
128043
128201
128747
128108
127980
128199
128098
127818
127894
128303
129006
127011
126979
127398
128682
128518
127896
125940
126017
125929
124783
128506
128173
128242
128151
128625
128384
128199
128284
129175
128309
128639
128291
128107
130597
129913
128376
129409
128076
130237
128333
128196
128504
128400
127922
128921
128462
129044
128112
128186
128773
128400
128388
128064
128066
128093
128786
129434
128613
127873
128405
127902
127908
128021
128494
131866
127004
127054
126873
127141
126536
132053
125866
126078
125728
125142
128166
128031
128184
128271
128100
128070
128638
129569
128203
128267
128298
128540
128700
128278
130631
130202
129078
128148
127972
128053
128243
128673
128049
129603
128247
128080
128259
128412
128142
129125
127989
130495
127908
128205
132128
128038
127947
128057
131887
127887
128125
128686
127895
128960
127820
127009
126699
126426
126161
126206
126270
127462
125556
125173
128288
128175
128197
128186
128249
128562
127909
128271
128463
128254
128046
128146
128305
128490
128067
128156
128234
128410
128055
128934
127837
130618
128159
127939
128732
128301
128262
128237
128448
128030
127995
128164
128351
127994
128828
128387
128489
127942
128870
128758
128740
129529
127936
126830
132269
127120
126240
126222
126115
126184
126786
125938
128538
128394
128035
132109
128560
127996
128223
129784
128682
128084
128205
128047
128081
127999
127993
128231
128517
128473
129185
128279
128329
128284
127900
128840
128244
127964
128738
128050
127943
132153
128037
130528
128108
127869
128176
128220
128703
128016
129584
127861
127858
127994
127981
127043
126984
132163
127519
127818
126152
126126
125921
127023
124902
129742
128231
131936
128894
128263
128103
128014
130581
129186
128416
128618
128153
128225
128039
128056
129538
129599
127948
128634
128170
128301
128863
127962
129618
127953
129464
128515
128374
128116
129022
129501
128087
127999
128990
128105
128147
128226
128566
128276
127852
128022
127465
126803
127335
126872
126070
126067
126527
125918
129340
125566
127944
129521
129923
128163
127897
127979
132233
128274
129942
130510
128558
128764
127944
128150
129542
128308
127950
128039
128069
129419
128104
128105
130068
127848
133354
129553
127948
127940
128172
128742
128536
128295
129852
127875
128012
127921
128565
128609
127991
128379
126923
126864
126828
126281
125874
126727
126010
126085
126432
128414
128251
127955
128293
132109
129294
127991
128191
128066
128039
128074
128088
128448
128957
128147
128705
128581
128286
128171
127964
128693
128510
127864
129545
127935
127899
131955
128144
129021
128086
127946
128226
128009
128608
128013
128866
127816
127855
128065
128080
127049
126958
128589
127448
130207
126292
126174
126043
126250
124776
128555
128115
128086
128061
129588
128452
128430
128842
128119
128138
127947
128068
132198
129405
127968
128295
128191
128220
128580
128048
128853
127901
129909
128358
128465
127890
129652
128605
128012
128202
130127
128036
127984
128305
128212
128050
127990
127990
127011
126936
127689
126785
126008
126215
126084
125826
130053
125408
128240
128013
128109
130666
128367
129031
128842
129543
128830
128174
128050
128411
128029
128117
128081
128526
130000
127951
128022
132063
128002
129133
133337
127871
128201
128028
129170
128973
128081
128450
128065
128217
128013
130539
131878
128022
128255
127078
127150
126724
126195
125925
126237
126237
126939
125889
128459
128136
128173
128198
128970
128694
128300
128447
129883
128450
128578
127936
128584
128037
130521
127942
128619
129484
128128
128030
128124
128080
128297
128394
129028
128143
128169
129399
128091
127900
127969
131537
127844
127857
127982
127845
130084
128366
126671
126869
127757
126241
126612
126191
126151
125729
124883
130054
127911
128167
128025
128008
128234
128024
129085
128737
127968
128337
129107
128152
128214
127951
128279
128646
127853
132229
127901
127951
129278
128381
128452
128056
127954
128297
127929
128959
128043
128876
127883
127926
128169
127949
127113
127067
127701
126786
130375
126201
126406
126373
125924
124804
128003
128003
128166
128136
128324
128147
128653
130005
128048
128115
132102
128008
128101
128063
128138
130209
127920
130555
128020
128074
128665
128282
128128
127910
128075
128907
128025
128203
128068
128221
127933
128042
128911
128195
126903
127504
127070
126674
130208
126705
126062
126774
125707
124915
128596
128857
128989
128577
128462
128023
128020
129097
128396
127956
128183
128291
128940
128147
127959
133379
127893
130198
129608
127999
127971
128224
129579
128374
128076
128971
128006
128080
128020
129217
128875
127906
128178
127159
126876
126867
126296
125884
126194
126261
126117
126617
128158
128055
127919
128181
128272
128617
127966
128134
129123
127882
130539
128144
128117
129255
127844
128520
128097
128045
128143
128215
128988
128301
129525
128225
127795
127970
128343
129096
128027
128300
128038
127681
128073
132375
126672
126978
126986
126088
125822
127877
126003
126238
124958
132193
128728
130494
128002
128646
128582
128087
128149
128150
127961
131652
128138
128414
128612
127919
129926
129433
128028
128043
128033
128187
129534
128870
128905
127806
128327
127832
128090
128415
128245
130274
126879
127004
126714
126471
126015
129558
125826
126184
125852
126122
128381
129027
127928
128601
129236
128106
128165
127983
128046
129494
128069
128565
128590
127929
131974
128934
127997
127862
128128
128171
128616
129317
130098
127862
128046
127977
128077
128242
128438
129047
126725
127167
126809
126333
126058
129596
125843
126015
126098
126145
129188
128594
128155
128032
127910
128481
128172
128323
129959
128000
128202
128663
128360
128316
130620
127894
128975
127847
128335
130080
128096
128041
128018
128951
127911
128833
131469
128098
128433
127136
127367
126648
126267
126148
126221
126079
130087
125555
125686
128254
128428
128143
128086
128135
128517
127956
131919
128307
128146
128301
128101
128586
129432
128046
128617
127935
128114
133347
128278
128153
127836
129467
127799
128039
128495
127956
131855
127294
126852
126687
126591
126049
126959
125902
126442
125588
125541
128069
127826
128075
128455
128398
128177
128147
128150
128164
127957
129952
127846
128118
128083
131932
127947
128307
128359
127974
127808
128876
129290
128150
127946
128048
127905
127998
128026
126920
126855
126335
126743
125879
127771
126982
125587
124798
128144
128174
129335
128149
127929
128197
128386
130544
127927
128562
128232
128037
128849
127964
128103
127931
128188
129842
128239
127924
128044
128037
127772
127921
128912
128884
126816
127182
126960
127179
127633
129743
125801
126054
125736
124857
128660
128005
128010
128203
128215
128181
128206
128535
127828
130522
128267
128270
127774
129155
128333
127977
128550
133376
128019
127816
128362
128053
127971
128235
127977
126818
127175
127547
126407
125993
126398
125869
125794
127915
125460
127933
129521
127978
127934
131925
127916
128201
128055
128270
127903
129521
128097
130545
128431
127956
127946
128330
128111
128216
128303
127834
127710
127809
128018
127610
126716
128617
130050
126366
125984
126211
125770
127953
124794
127893
128119
128068
127920
132006
127924
129513
128030
128125
128214
128182
127917
127914
128071
129518
128064
128057
127978
128066
127957
128139
130467
128047
126780
128440
126801
126366
127795
126575
125964
127073
125573
125011
127904
128128
131937
127862
128083
128037
127938
128040
128488
128864
128327
128461
128344
127888
127872
128056
129554
127927
127870
127859
127652
128467
130466
126582
127002
128159
126116
126090
126511
125913
126092
124734
128016
127922
128151
128418
128102
128004
128299
128021
127949
128153
128695
127890
128201
128130
129565
127872
129521
129136
128629
128322
127738
126943
128016
127142
126195
126064
125832
126618
126379
125897
128190
128022
127988
128930
127987
128989
132063
127893
128316
127856
128225
131867
128153
128231
127834
128627
127744
128421
129290
127937
129323
126984
126928
126601
126280
125961
126841
125874
126746
125621
126456
127989
128015
128069
128026
127872
129349
128269
129069
128301
128135
127990
128012
127998
128547
128040
127790
127706
127764
128356
127967
126627
127667
131022
126389
126201
126209
125788
126658
124693
127854
128715
128236
128006
128259
127961
127938
127898
127980
132052
128352
127959
127911
128069
127830
127937
131834
128258
126673
128063
126815
126388
127106
127479
125861
126431
125650
124969
127814
129101
130018
127842
127996
128082
130327
128336
127927
128453
127994
127974
127998
130323
129346
127819
128028
127102
126877
126729
126188
125794
125975
126397
126237
126169
127052
127824
127988
128504
128670
128008
127966
128030
128266
127842
128687
128151
128343
127858
127952
128208
127962
127079
127134
127049
126504
129904
126101
126417
126855
125544
124777
128935
127951
127805
128238
128411
128351
128549
131871
127797
127921
127985
128252
128311
128164
128350
126762
127036
126855
126277
125886
127137
125839
125947
126632
126533
127801
128267
127891
128656
129834
128083
128265
127950
128340
127923
129400
131845
127979
128437
126980
127123
126658
126157
125909
126343
126011
127300
125713
127292
127986
129882
128012
127868
128125
128052
128190
127960
128618
127701
127686
127866
128088
126985
126809
130411
128731
128287
126266
125999
125779
126589
124651
127876
128243
128880
127881
127753
128296
131791
127907
127938
128146
127763
128168
128654
126819
126678
126405
126221
125792
127243
126966
125514
124737
128103
127806
128011
128555
128252
127875
128980
127818
127746
127885
127866
127003
126866
132047
127654
126462
125927
125964
125676
129808
124853
128020
127884
128164
128526
128135
128190
130359
128647
127805
127857
127902
126907
126849
126392
125930
125872
128377
126069
126219
125700
128065
127975
127785
129793
127699
128084
128729
127795
129751
127298
126780
126580
126379
125933
126457
125909
126789
125469
125426
128860
127911
127843
128070
127850
127910
131839
128420
126608
128058
126830
126357
126554
128176
125773
126151
125784
125147
127889
127791
128147
128008
127975
128399
128089
126685
127229
127180
126284
125938
126859
125761
125821
126939
125528
128022
130131
128251
127925
127839
127656
127349
127006
127261
126259
126297
125705
127635
125990
125873
125104
127800
127885
128100
127695
128808
128813
126709
126629
126633
126041
126040
126482
126613
125581
124802
128104
127900
128110
127707
126834
127300
128697
126371
126333
125763
126373
125872
126629
125197
131294
127814
127768
126978
127163
126601
125965
125783
125746
126631
126581
125687
126326
127962
127964
126846
127359
126563
125966
125862
125897
126013
128140
125469
126267
127921
126503
129688
126706
126092
126361
126695
125674
126304
125649
125191
127029
126723
126604
126859
126110
127975
125726
126023
125448
125016
125499
125736
125809
125000
124701
127081
124984
124812
123765
125716
124917
125106
125072
124769
125805
124652
125186
126468
125654
124725
124824
124548
127069
123722
125243
124813
124302
124062
124847
122966
124594
124140
124475
123895
122710
123670
123918
123743
123249
124031
123863
123050
123387
123531
122849
