94545.3
94308
94258.1
98137
95188.3
94956.5
99309.4
95332.4
94268
94624.7
94226
96469.5
93763.5
94063.6
93934.9
99162.2
99214.2
93671.5
93745.4
93908.4
94058.3
93812.4
95021.4
93589.7
95162.4
93675.1
93527.5
94282.6
94963.6
93043.2
94148.4
92656.2
93406.5
93768.7
92635.8
92790.2
93366.2
92934.8
92687.9
92896.6
92544.8
93016.4
92722.7
92615.8
92677.7
92439.1
93546.4
92440.9
92755.6
92222.8
92767.4
92704.3
92688.1
92211.6
92346.5
94266.9
92487.3
93155.3
90580.1
90356.9
90135.5
92556.5
85438.9
95719.2
94603.3
94686.9
93864.3
94299.8
95143.5
98125.3
96138.4
94040.6
93690.2
93979.7
93996.8
96158.4
95782
93951
93926.4
93759.5
94869
97843.9
94844.1
93767.4
93807.5
93808.8
93939.3
93553.8
94028.5
94519.9
92941.8
92627.6
94340.2
92531.6
93240.9
92981.3
92835.1
97857.4
92753.9
92489.5
93219.7
92371.2
92454.8
92596
92468
92394.9
93067.9
92983.5
92519.2
93057.4
92388.7
92468
92987.4
92730.8
99177.2
92455.1
92696.5
93221.5
95639.1
90513
90030.4
89566.3
89643.3
90038.1
85266.8
93998.7
93941.9
94183.6
94349.9
94265.4
94811.1
98185.3
93894.6
94180.2
93887.3
94677.9
99074.8
93847.9
93978.9
94050.5
93826
93885.4
95137.6
94666.5
93672.5
93600.7
94878.2
93811.9
93620.9
97567
94663.7
93452.4
92662.6
92820.8
92743.6
94340.6
92501.3
96417.8
93220.4
94521.8
92532.1
92806.9
92542.6
93174.9
92354.2
93930.9
92422.4
94008.6
92639.9
92617.7
92576.2
92256.8
92777.6
92217.1
92535.5
96645.4
92372
97552.2
92512.7
91834.8
90921.8
90022
90203.5
89633.8
89196.4
84664.5
94581.4
93860.7
93853.6
94217.4
94226.7
93798.4
94008.6
93638.1
93898.9
94590.5
93808.8
97882.4
93742.8
93665.2
93989.4
95686.6
94054.2
93685
97758.9
94232.3
93950.6
93535.1
94556
93532.5
93657.2
92587.4
93625.7
94570.4
92620.3
92332.4
94610.8
92457.8
93845.2
92218.4
93336
92839.7
92586.5
92566.4
94552.1
92178.7
92598.1
92933.4
93494.6
92667
97648.2
92607.3
93296.2
99195.8
92411.9
92446.3
96345.1
91757.8
91738.4
93393.5
89968.7
90806.1
89439.5
90979.6
89544.2
85940.7
93998.2
94475.2
97993.7
95426.7
93924.1
94612.2
93623.7
95984.9
93540.9
93823.1
94515.3
94776.3
95111.2
93546.3
93726.6
93774.8
93675.7
93869
96190.5
93306.8
94026.8
93372.6
93153.4
93791.7
93215.7
92985.5
98188
92490.6
92684.6
96686.2
92234.9
92975.8
92481.3
92642.6
92534.9
92438.1
92219.6
93681.9
92209.4
92496.8
92395.1
92315.4
92581.6
92590.9
92904.5
92014.1
93742.6
92426.9
92611.2
92215.9
91799
92692.2
93840.6
90895.8
90539.7
89572.6
89833.9
93677.4
87355.1
93991.8
94393.2
93972.6
93926.7
93872.4
97877.2
94049.2
93728.4
93744.7
93379.9
97791.7
94785.9
93700.1
93410.7
93475.4
93584
93938
93732.2
93650.6
95455.4
94232.5
93480.4
93978.9
96946.2
93977.7
92667.7
93061.7
93093.9
92590.6
92810.4
92254.3
94230.5
94342.1
92412.5
96431.5
92858.7
92729.4
93636.2
92899
92697.9
92270.4
99185.2
92112.8
92491.6
92239.6
92216.3
92252.1
92171.5
92154.6
92482.6
92362.5
91234.8
92012.9
91860.1
93667.5
91406.7
88907.6
84479.1
94052.6
93843.8
95304.3
97933.8
93844.9
98846.6
93455.2
93706.3
93692.4
94040
96193
94105
93961.9
94886.5
98867.8
93425.8
95212
93500.6
93303.4
93158.5
93253.5
93261.4
93920.1
92785.3
92890.6
92885.1
95418.9
93000.1
92522.2
92921.5
93162.9
92343.8
94414.5
92580.1
92528.7
92803.8
92659
93053.5
92149.4
92924.9
92415.6
92348.2
93567.7
92218.5
92239.3
96370.4
92602.8
91966.8
92692.7
91442.3
91457.7
95348.2
90436.3
89964
89339.5
90620.2
84070.9
98932.2
94055.7
93979
93651.2
94585.9
93613.9
94482.3
94127.6
96236.9
94783.7
93329
93568.9
93861.4
93600.4
93689.6
94266
93390.3
95644.6
93598.8
93441.7
94920.2
93421.4
92633.4
94927.2
92238.2
92629.7
93446
92349.2
92989.2
92558.9
92639.2
92319
92321.9
92135.6
92691.3
92193.9
92157.4
92825.7
92206.6
93045.3
92336.7
92291.2
92014.6
92817.1
92147.4
93136.5
92132.5
91945.6
97124.8
93874.2
90902.2
90106.2
89553
90006.8
90203
87543.6
94477.7
93806
93506.5
93912.9
93856.4
96156
94578.8
94552
93932.2
93374.4
93811.8
94521
93754.3
93661.2
93823.8
93530.7
94967.4
93645.3
93792.8
95843.9
92912.8
92519.5
94747.2
92243.4
92667.1
93053.3
92495.4
93930.2
92442.6
92581.9
92471.3
92221.6
92221.6
92461.9
92222.9
92102
93216.4
92389
92717
92476.2
92162.2
92105.7
92746.6
92214.1
95957.9
92227.1
92105.7
97112.9
96487.6
90333.7
89925
89388.8
89891.4
89481.7
86458.1
94121.5
93902.3
94170.2
93714.9
95211.9
93955.5
93851
94301.3
93697.2
94076.2
97887.2
97591.1
93367.5
93614.5
93800.8
93458.5
93207.1
94128.2
93753.3
93573.9
92477.4
92774.2
92519.6
97637.2
92441.2
93407.9
93798.2
93985.7
92229.9
93381.4
92348.4
92582.5
92220.8
93108.5
92352
92651.4
92705.2
92256.6
92426.7
92299.3
92326.7
92094.4
93006.3
97396.6
91974.8
95999.7
91911.6
91854.3
92008.8
89851.3
89941.2
89301.4
89793.2
84162.2
93852.7
97828.6
93381.6
93438.3
93649.6
93834.4
94655.1
94610.1
93893.1
94119.8
94989.3
93519.4
98805.6
93450.3
93176.2
93097.7
93050.7
93097.7
93062.7
93392.8
93094.3
93410.2
93052.2
93766.1
92339.3
92759.9
92538.2
92558.3
94672.4
92954.4
92555.2
93863.9
92406.6
94615.2
92066.3
93086.3
92425
92368.1
97829.1
92273.2
92505.1
97851.4
92196.5
91951.6
91970.2
91357.7
91472.8
91086.3
91548.6
89905.7
89458.2
90664.7
84083.2
93750.8
93611.3
93506.3
93199.3
94595.9
94057.2
94086.3
93263.3
93381.5
93495.9
93525
93619.3
94026.5
93676.5
93430
93471
93300.7
94804.5
93954
92288.9
94573.9
93060.7
92410.2
93545.6
92104.2
95289.8
93235.2
92453.7
97770
94399.7
92523
97684
93528
92246
92321.2
94353.3
92088.5
92780.1
92420.6
91998.5
92351.1
91977.4
91890.4
92869.1
91362.8
90904.3
90900.8
91573.5
97390
89929.4
88692.5
83946.6
93273.4
93422.8
93566.6
94404.8
98628.4
93591.4
93521.1
93815.6
94640.1
93416.3
97558.4
93253.8
93386.4
93050.8
92986.2
93221.2
93798.2
92821
93400.7
92547.3
93587.9
93880
92258.1
92438.8
92828.9
92363.3
93033.7
92497.9
92224.5
93167.6
92368.9
92792.8
92028.2
92293.6
92451
92151.6
93507.3
91896.2
92395.2
93636
92135.3
91839.4
92063.3
91618.3
91558.4
92767.8
90530.3
89744.6
89396.4
93764.5
84191.1
94773.8
93726.3
93511.5
93237
93968.5
93918.9
93505.7
93266
94884
93213.2
98533.1
93733.6
95446.3
97327.6
94660.8
92510.4
92698.6
92453.5
92622.5
92218
92378.3
93947.7
92434.7
92393.8
92851.3
92304.3
92318.9
93202.9
92413.9
92587.4
92157.3
97728.2
92945.4
92520.5
94030.9
91965.1
96039.3
92494.8
91990.6
92338.3
96355
92241.2
91689
91346.4
89744.1
89970.9
89523.1
90169.6
88636.3
88347.9
93692.6
93801.4
93454.5
93358.5
93550.2
94424.2
93784
93518.5
93243
94259.6
94247
93825.8
97190.3
97304.4
92692.4
92374.1
92733.7
92313.8
92807.5
92271.3
93733.1
93080.9
92822.9
92449.7
92289.5
92114.7
92489.4
92083.6
92635.4
91978.2
96016.1
92216.9
92460.7
92341.5
91845.1
92403
92083.9
92026.9
97452.9
92408.6
93193.3
94922.6
91973.6
90091.7
89677.5
89462.1
89786.1
88789.4
85047.5
93377.2
93355.8
93685.5
97517.3
94927.1
93784.9
94191
93745.5
93415.7
93111.6
93308.4
93103
93275.7
92327
92557.4
95314.2
92219.6
92258.4
93490.5
92063.5
97768.6
92005.1
92267.9
92916.4
92011.7
92140.8
92858.3
91821.6
92082.6
92246.6
93387.6
91972.7
95976.3
92073.4
92516.8
95925.6
92299.2
92770.3
93089.9
91549.4
91495.4
96531
89777.2
89894.6
89040.4
89450.1
89890.9
85225.9
96056.1
93331.2
93271.2
93431.8
93463.5
93530.6
93749.6
93357.9
97301.3
93822.2
93207.2
94396.2
96812.7
92803.7
92889.4
92429.8
92993.5
92593.5
92387.6
92214.3
93441.7
93155.7
92206.1
93093.6
92344.4
92350.5
92683.6
92267.5
92591.4
92004.2
96032.8
92040.3
92150.7
91994.6
92079.7
92093.2
92233.1
91990.8
92088.9
95005
91530.5
93629
90366.8
90845.8
90655.7
89345.9
84746.6
93284
93336.8
93659.4
94307.2
93270.3
94540.4
93168.2
93708.6
93047
93065.3
93297.2
96964.5
92557.7
92870.7
92348.5
94527.1
92910
92329.7
92288.9
93810.5
92307.5
92485.1
92534.3
92208.7
92459.4
92614.3
92307.7
92042.1
92042.1
92790.4
91992.2
92419.6
91819.1
92077.2
92633.6
92153.7
91709.1
92465.4
91919.4
91382.4
97325.6
90150.5
90380.4
89330
90870
84077.9
94922.6
93940.1
93982.5
93475.1
93691
94895.7
92949.1
93073.3
93403.8
93009.4
92521.1
92906.3
92408
97642.7
92335.7
92390.6
93190.6
92805.6
92468.6
92245.2
96353.1
93095.2
96250.1
92436.1
92964.4
96124.4
92134.6
97690.4
92182.8
93392.9
93651.6
96041.9
92119.2
94661
91922.1
92405.7
91870.9
91004.3
91090.5
89946.2
90475
90645.8
89214.2
89929.8
85289.6
95526.3
94390.4
93943.4
93483.3
93813.9
92946.3
93275.7
93222.9
93099
92317
92385.4
93102.7
92684.6
92360.3
92729.7
92298.5
97577.9
92048.6
92112.3
94437.3
92058
92648.5
92456.4
91968.1
92518.3
92211.3
97626.6
91904.4
97541.8
92223.9
93687.4
93145.1
93128.3
92543.5
93198.2
91658.4
91192.4
92285.5
89848
89764.1
89191.4
89246.9
92409.5
85654.7
98547.2
93295.8
93477.3
93503.9
93062.3
92964.4
93445.6
93408.8
92708.3
92274
92968.8
92417.6
93709.1
92398.8
92517.7
97814.2
92577.2
92000.3
94751.2
92075.9
92304.9
92184
92217.1
92300.3
92264.1
93454.4
91948.2
92853.3
92268.9
92319.1
92283.5
93600.7
95858
91964.7
92582.5
91599.6
92401.7
90635.8
89630.7
89315.1
89038.7
92185.2
84271.5
93118.7
93795.5
93388.8
92977.3
92811.4
93205.3
93094.8
93063.3
92285.8
92515.9
92495.8
96129.6
92278.2
92404.4
93879.2
92767.3
91909.4
96240.7
92086.8
92280.1
92167.6
92291.8
92497.5
92011.4
93189
91961
92367.8
92605.3
92149.6
91890.4
95995.9
93353.1
91730.6
92727.9
91204.4
91431.1
92262.6
89721.6
89432.7
88918.9
91005.9
83902.1
93781.6
93684.8
93627.6
98281.9
93382.7
93697.7
92332.3
94334.7
93158.1
92311.3
91972.1
93719.3
92194.5
92446.6
91988.6
95186.5
92183.3
92631
92228.6
94714.3
91965.4
92287.7
93399.3
92578.1
93057.5
93794.8
92355.3
92859.2
95796.6
91898.7
91866.5
97354.2
91467.4
91376.4
91632.9
89661.1
91078.5
89306.3
94541.8
88736
86036.7
93148.8
93193.5
93144.3
92829
93061.2
92795.3
93694.8
94275.4
92745.7
92473.7
97562.5
92002.6
92386.8
92204.9
92730.5
92881.6
92771
92130.5
96312.1
92093.2
93412.2
91909.3
92321.7
92404.3
92229.5
96208
91894.2
93116.8
93366.2
91879.9
92017.4
91561.1
91386.8
91744.8
90583.2
92185
89538.2
89771.6
92282.4
84218.2
93239.9
93612.1
97225.5
93607.2
92509.9
92432.6
92277
93590.9
92361.2
92127.8
97674.5
92310.3
92909.7
92311.1
92472.6
92470.8
96481.6
92006.6
93777.1
92512.7
93688
93273.3
92210.9
93423.8
92026.5
97459.4
92004.9
92130.1
92225.8
93187.3
92962
91252
91024.5
89778.8
89805.5
90244.9
89361.1
88609.4
85932.6
94861.8
93341.5
98287.6
93255.5
92580.3
92564.1
91935.2
92113
92173.7
92079.2
92023.5
92309.6
93789.7
91782.4
92524.2
91900.4
92061.3
92008.4
91795
93527.3
91738.3
96011
91821.2
91684.9
91720
91900.3
91546.5
92267.6
92090.5
91567.6
96520.1
91345.2
90281.7
90026.7
89565.1
93906.5
88537.3
85774.3
93674.4
94953.2
92356.3
93336.9
92374.6
92023.3
91789.9
92455
92169.4
91915.7
91918.4
97302.6
91793.4
92513.1
92017.8
92769.6
91867.2
91895.6
95811.1
91975.1
94037
92551.5
91804.9
92385.8
92746
91524.3
91830.4
95721.9
91351.5
91786.8
90987
89526.5
90550.2
89247
94522.5
88236.1
87605.1
94829.1
92359.6
92153.5
92040
92302.1
92372
91806.9
97213.3
92147.7
92864.5
92135.1
91914.2
91974.6
93020.6
91708.6
93056.4
91829.1
97080.5
92156.2
92075.5
92339.7
91548.3
93067.5
91683.6
91655.6
92896.7
92597.5
93510.5
91747.7
90902.7
89672.8
89418.7
89483.6
89348.6
88231.3
84959.2
92606.2
92321.6
92591.3
91894.7
92135.5
92154.3
92553.2
92288.2
92212.6
92993
91817.1
92062.3
91959.9
91934.1
92014.8
91633.6
97339.4
91840.9
93207.9
92019.2
91607.9
91976.5
91930.8
91546.4
93241.6
92556.5
91856.8
96675.2
91558.8
89815.3
89696.3
89205.7
91405.6
88463
87332.6
91864.4
91604
91715.1
95081.9
91463.3
91893.7
91314.8
96710.7
91718.8
91488.2
92384.3
91718.6
91338
92844.9
91500.4
91321.7
91154.8
92959.6
91002.7
91306.8
91033
90933
91356.8
91314.1
90815.8
92506.2
91122
90245.9
96428
89453.3
92806.8
88743.6
88280.1
83138.9
91940.9
92895.1
91194
92964.6
91370.1
91158.7
91488.8
96718.6
91523.1
96451.8
91630.8
95690.9
91628.5
93752.6
91380.7
91382.3
93291.9
91385.6
93372.1
91217.4
92512.3
91543.7
90760
91568.2
90710.7
90271
90301.1
89030.7
97708.6
89779.8
92430.4
87920.9
83329.1
91247.8
91279
96741.5
90972
93048.1
91081.3
91585.5
91430.5
91220.4
90969.1
92980.6
90813.8
91267.3
91247.6
91430.1
91246.5
91965
91574
91008
95550.8
91224.4
91700.1
91406.2
90574.8
91242.5
97880.7
89119
89357.4
88200.6
88873.4
89371.1
86394.7
91343.3
91374.6
92539.7
91198.3
91850.6
91516.9
92603.6
94926.7
96401.9
91565
93181
97665.8
91015.3
92491.6
91506.2
91441.2
93148.7
92793.9
90934.7
92571.2
90731.8
91000.9
91071.5
89863.8
89861.7
88943.6
90471.3
93457.6
88255.8
87961.5
83285.1
91147.3
92016.9
91536.6
95360.6
90922.1
91841.2
91221.7
91393.7
90952
92491.1
91110.5
91015.6
91167.9
91189.6
90942.3
91016.4
90831.6
90641.8
91811.5
92023
90547.7
95774.5
90254.8
90095.9
95548.9
88643.8
89451.2
87922.2
88264.8
82691.6
90886.6
91617.2
91004.6
91918.5
91384.5
91473.5
90969.2
97839.5
90845.7
91652.1
91067.6
91281.9
91288.2
91653.5
92585.9
90947.8
96307.3
91373.2
90953.6
91429.6
90400
90438.2
91847.4
89070.1
90594.9
88291.8
89561
89878.1
83884.8
91089.5
93438.1
91105.8
91246.3
91580.2
96252.1
90834.6
95768
91341.8
92197.7
91474.8
91157.3
91336.1
90925.7
92513.9
90573.7
90979
91604.6
91125.3
95809.6
90286.7
89776.5
89053
88754.4
89985.3
88153.1
87380.6
83475
91066.7
90919.7
92994.5
90849.7
91122.5
91183.4
90826.8
91077.1
91103.2
92784.2
90793.3
92828.7
91001.9
91397.7
91996.3
91880.2
92838.7
91278.1
90783.5
90594.3
94042.9
88898
88556.6
87960.3
88029.1
91229.3
83755.2
91134.6
91225.8
92032.1
92518.8
90908.3
97322.2
91253
91209
90993.9
91678.1
90762.5
90962.1
91028.8
90496.7
91087.7
91381.1
90529.3
96332.7
90301.5
89804.5
91350.1
88964.6
93580.6
88188.5
87678.6
82726.5
90960.9
93302.2
91089.5
93019.7
91129.8
91723.2
92009.2
90971.3
96411.9
91202.8
91609.4
90985.5
91889.5
90818.7
90664.8
91975.9
90462.6
90628.1
90039.8
88813.3
93116.3
88874.9
95937.7
87510.7
84032.4
91394
91773.6
91388.1
91124.4
93291.5
90837
96206.3
90875.1
91907.3
92804.9
91945.4
91029.8
98842.7
91329.2
90997.1
90756.3
89963
90230.2
89335.6
89142.5
88542.2
87949
92342
83220.5
92271.8
92046.7
92641.9
94866
91016.9
91149.6
94809.9
90851.4
92702.6
91121.9
90962.7
91369.7
90589.3
90832.7
90859.8
90062.5
89708.1
89193.3
93907
92738.6
89352.7
87553.4
82843.5
90997.3
96291.2
92455.7
91244.9
92514.9
91129.7
91685.6
91414.3
94801.5
90655.8
91439.9
90825.3
91132.3
91874.8
89887.5
89715.2
88823.8
89101.8
92188.6
88011.7
87665.2
83764.3
90823.1
92221.2
91072.6
91199.4
91576
91527.3
94393.6
90882.8
95211.1
91387.2
90596.3
91571
90270.2
90049.6
90749.8
88788.8
94024.3
88393.7
91595.3
88375
83293.4
91677.1
91174.2
91102.1
91489.8
90842.5
91065.7
91496.5
90419.7
90980.5
90982.7
90575.7
94804.9
89997.1
89581.4
89524.5
89089.1
93632.3
88094.9
87359.1
82745.6
90753.7
92297.1
91457.6
91120.4
97543.8
91609.5
90998
94509.9
90507.2
90730
90523.1
89739.5
89793.4
88830
92642.5
90191
88369.2
88053.4
82814.3
91030.7
91692
91507.1
90581.3
91830
91065.2
90592.9
91690.1
94171.3
91045.1
91570.1
90094.3
88612.2
88686.8
88198.4
89867.6
87238
86791.6
90799.7
94898.8
91635
94996
91252.9
93084.2
91016.1
91902.5
90536
89876.2
90255.8
88675.4
88802.1
88408
88040.5
90950.2
85947.2
90704.4
91130.8
90763.5
91012.2
90734.1
90721.9
91096
90650.9
91439.1
89837.9
89611.9
92058.4
89749.1
92486.9
87474
83566.3
90914.5
94955.4
92587.1
91175
90946.8
95999.6
90380.1
89932.4
90931.9
88449.9
88658.2
88050.5
88424.6
88440.4
87390.7
90964.9
91271.7
94633.1
90437.3
90591.3
90299.1
89725.1
89894.4
88922.4
93782.1
88929.7
88458.2
88374.2
82755.9
90977.2
91265.5
90660.9
93343
90720
89744.4
89797.1
88384.7
88605.4
88611.6
88104.4
87878.8
89239.9
90700.8
90749.7
92231.8
90003.1
90071
93558.7
88384.5
89598.8
87814.1
90110.4
88014.1
83894.5
90879
90536.5
90530.5
89707.7
89867.1
89497.6
89345.4
88510.9
87729.1
89465.8
82780.6
90576
91864.8
92115.3
91395.1
88945.3
88138.7
87942.6
87854.4
87998.6
83207.1
90114.5
89955.7
90166.8
88185.4
88838.4
87809.6
89451.6
87365.4
88180.6
89810.2
89442
90028.3
88112.4
89213.6
87457.6
87120.8
82287.2
90413.3
88405.3
87707
87350.6
88328.1
87009.7
83522.4
87740.4
87677.9
86796.8
87322.3
87531.4
85094.1
86625
87594
85903.3
86414.4
80560.9
87392.5
88204.7
85565.5
80794.8
85776.9
84810
80128.6
84672.2
83208.5
80555
