-3170.7
-1503.36
-1448.07
-3750.65
-2254.77
-4182.16
-4050.72
-4353.49
-4465.76
-2420.83
-4113.12
-4603.35
-3395.15
-5726.61
-9261.46
-3805.37
-3840.17
-4185.26
-2978.22
-4076.54
-3681.11
-680.559
-1559.4
-2892.51
-5154.49
-4412.44
-3961.35
-6466.57
-7831.68
-4117.7
-2952.75
-3235.43
-3788.7
-4150.92
-4760.87
-3352.25
-2319.36
-4747.81
-6044.23
-5773.54
-1291.38
-8844.31
-3652.97
-3838.19
-3827.81
-3646.5
-2614.51
-4890.51
-4432.56
-1450.55
-3030.69
-5864.94
-6705.91
-8477.4
-3376.22
-1552.56
-1567.33
-4205.87
-4216.84
-4783.14
-3689.84
-5548.43
-4042.39
-4318.46
-8987.06
-4767.97
-1430.71
-4475.61
-2410.93
-4670.19
-5667.75
-3812.5
-5007.23
-4704.32
-8520.87
-4039.42
-3965.81
-3181.83
-2898.04
-2799.72
-5796.96
-4284.22
-6328.62
-8191.53
-2390.49
-3965.3
-5197.41
-5644.65
-2221.2
-4436.79
-5890.99
-9255.33
-3930.74
-4257.97
-4353.13
-3305.51
-5399.65
-7216.51
-7846.31
-4356.43
-6077.9
-4726.27
-4999.27
-4445.37
-8477.33
-4314.06
-6488.78
-5034.63
-6049.73
-8012.34
-6576.49
-6983.63
-6881.09
-8701.32
-6109.69
-8014.99
-9403.53
-7993.42
-10061.7
-9563.86
