151644
151641
151634
151629
151614
151595
151581
151579
151574
151552
151550
151545
151542
151530
151530
151503
151501
151499
151494
151492
151489
151488
151487
151486
151483
151483
151481
151481
151477
151474
151472
151471
151470
151457
151456
151448
151446
151445
151445
151437
151437
151436
151435
151435
151434
151434
151430
151428
151428
151426
151426
151424
151424
151423
151423
151422
151420
151415
151411
151410
151409
151409
151409
151406
151403
151402
151402
151401
151401
151400
151399
151399
151398
151397
151394
151392
151386
151385
151383
151382
151378
151378
151378
151377
151373
151369
151367
151363
151357
151357
151355
151353
151353
151353
151350
151346
151335
151334
151334
151332
151331
151325
151318
151315
151305
151302
151300
151299
151297
151296
151280
151268
151250
151238
151233
151224
151210
151176
150091
150071
150007
149442
149146
149066
149056
149046
148761
147806
