162 163 146 147 164 180 148 179 181 197 182 198 150 166 149 165 
1 2 241 242 210 226 209 225 223 239 208 238 254 255 224 240 
169 170 153 154 201 202 185 186 168 184 167 183 199 200 216 217 
51 52 67 68 99 100 83 84 115 116 131 132 85 101 117 133 
123 124 107 108 105 121 106 122 89 90 74 75 88 104 91 92 
128 144 143 159 145 161 160 176 190 191 174 175 172 173 157 158 
40 56 39 55 71 72 57 73 9 25 8 24 41 42 26 27 
125 126 141 142 111 127 109 110 94 95 64 79 62 78 77 93 
0 15 16 31 47 63 32 48 17 33 18 34 35 36 19 20 
236 237 220 221 206 222 189 205 251 252 11 235 12 28 13 253 
230 246 6 247 231 232 248 249 244 245 227 228 213 229 214 215 
86 102 87 103 118 119 134 135 53 69 54 70 22 38 5 21 
65 81 66 82 80 96 97 113 14 30 29 46 114 130 112 129 
195 196 211 212 178 194 177 193 60 76 43 59 44 45 58 61 
218 219 233 234 203 204 171 187 136 137 151 152 140 156 138 139 
3 243 4 37 7 23 10 250 49 50 192 207 155 188 98 120 
