125 126 
40 56 
60 76 
162 163 
123 124 
181 197 
51 52 
22 38 
1 2 
9 25 
99 100 
195 196 
115 116 
65 81 
41 42 
94 95 
67 68 
83 84 
89 90 
201 202 
114 130 
64 79 
71 72 
244 245 
39 55 
218 219 
199 200 
164 180 
0 15 
80 96 
17 33 
128 144 
169 170 
140 156 
131 132 
3 243 
62 78 
251 252 
211 212 
53 69 
210 226 
86 102 
230 246 
16 31 
231 232 
5 21 
47 63 
111 127 
35 36 
49 50 
172 173 
150 166 
145 161 
77 93 
136 137 
233 234 
141 142 
12 28 
178 194 
190 191 
109 110 
8 24 
19 20 
241 242 
43 59 
236 237 
223 239 
146 147 
206 222 
203 204 
177 193 
220 221 
171 187 
182 198 
97 113 
14 30 
57 73 
105 121 
254 255 
74 75 
118 119 
216 217 
224 240 
192 207 
88 104 
7 23 
153 154 
138 139 
149 165 
168 184 
227 228 
189 205 
91 92 
26 27 
160 176 
248 249 
66 82 
151 152 
10 250 
174 175 
87 103 
209 225 
106 122 
134 135 
13 253 
213 229 
44 45 
54 70 
167 183 
157 158 
107 108 
18 34 
214 215 
32 48 
85 101 
117 133 
143 159 
185 186 
6 247 
112 129 
29 46 
11 235 
208 238 
155 188 
4 37 
148 179 
58 61 
98 120 
