51 52 67 68 
162 163 146 147 
181 197 182 198 
125 126 141 142 
65 81 66 82 
40 56 39 55 
1 2 241 242 
99 100 83 84 
115 116 131 132 
195 196 211 212 
0 15 16 31 
9 25 8 24 
17 33 18 34 
169 170 153 154 
150 166 149 165 
128 144 143 159 
53 69 54 70 
35 36 19 20 
236 237 220 221 
190 191 174 175 
178 194 177 193 
210 226 209 225 
123 124 107 108 
47 63 32 48 
201 202 185 186 
86 102 87 103 
105 121 106 122 
168 184 167 183 
118 119 134 135 
22 38 5 21 
60 76 43 59 
80 96 97 113 
251 252 11 235 
244 245 227 228 
94 95 64 79 
199 200 216 217 
145 161 160 176 
230 246 6 247 
89 90 74 75 
223 239 208 238 
41 42 26 27 
218 219 233 234 
62 78 77 93 
231 232 248 249 
12 28 13 253 
136 137 151 152 
206 222 189 205 
71 72 57 73 
172 173 157 158 
14 30 29 46 
203 204 171 187 
111 127 109 110 
254 255 224 240 
164 180 148 179 
140 156 138 139 
213 229 214 215 
85 101 117 133 
114 130 112 129 
3 243 4 37 
44 45 58 61 
7 23 10 250 
88 104 91 92 
49 50 192 207 
155 188 98 120 
